
DETxymesh = [
    1    1    1    1    1    1    1    1    1    1  2.67677E+13 0.01462 
    2    1    1    1    1    1    1    1    1    2  2.37312E+13 0.01408 
    3    1    1    1    1    1    1    1    1    3  2.15044E+13 0.01384 
    4    1    1    1    1    1    1    1    1    4  1.90369E+13 0.01451 
    5    1    1    1    1    1    1    1    1    5  1.70495E+13 0.01530 
    6    1    1    1    1    1    1    1    1    6  1.62509E+13 0.01585 
    7    1    1    1    1    1    1    1    1    7  1.59251E+13 0.01580 
    8    1    1    1    1    1    1    1    1    8  1.55880E+13 0.01636 
    9    1    1    1    1    1    1    1    1    9  1.57581E+13 0.01454 
   10    1    1    1    1    1    1    1    1   10  1.63096E+13 0.01531 
   11    1    1    1    1    1    1    1    1   11  1.71711E+13 0.01484 
   12    1    1    1    1    1    1    1    1   12  1.92465E+13 0.01431 
   13    1    1    1    1    1    1    1    1   13  2.14837E+13 0.01445 
   14    1    1    1    1    1    1    1    1   14  2.42024E+13 0.01378 
   15    1    1    1    1    1    1    1    1   15  2.73407E+13 0.01469 
   16    1    1    1    1    1    1    1    2    1  2.44903E+13 0.01494 
   17    1    1    1    1    1    1    1    2    2  2.06901E+13 0.01371 
   18    1    1    1    1    1    1    1    2    3  1.81985E+13 0.01433 
   19    1    1    1    1    1    1    1    2    4  1.58172E+13 0.01522 
   20    1    1    1    1    1    1    1    2    5  1.38340E+13 0.01643 
   21    1    1    1    1    1    1    1    2    6  1.30386E+13 0.01679 
   22    1    1    1    1    1    1    1    2    7  1.28716E+13 0.01713 
   23    1    1    1    1    1    1    1    2    8  1.27619E+13 0.01668 
   24    1    1    1    1    1    1    1    2    9  1.30950E+13 0.01620 
   25    1    1    1    1    1    1    1    2   10  1.35271E+13 0.01535 
   26    1    1    1    1    1    1    1    2   11  1.45422E+13 0.01561 
   27    1    1    1    1    1    1    1    2   12  1.60938E+13 0.01506 
   28    1    1    1    1    1    1    1    2   13  1.86566E+13 0.01412 
   29    1    1    1    1    1    1    1    2   14  2.13051E+13 0.01440 
   30    1    1    1    1    1    1    1    2   15  2.52707E+13 0.01472 
   31    1    1    1    1    1    1    1    3    1  2.22217E+13 0.01418 
   32    1    1    1    1    1    1    1    3    2  1.73506E+13 0.01392 
   33    1    1    1    1    1    1    1    3    3  1.43270E+13 0.01506 
   34    1    1    1    1    1    1    1    3    4  1.12169E+13 0.01525 
   35    1    1    1    1    1    1    1    3    5  9.82771E+12 0.01603 
   36    1    1    1    1    1    1    1    3    6  9.33481E+12 0.01729 
   37    1    1    1    1    1    1    1    3    7  8.95608E+12 0.01731 
   38    1    1    1    1    1    1    1    3    8  8.31269E+12 0.01638 
   39    1    1    1    1    1    1    1    3    9  8.91177E+12 0.01752 
   40    1    1    1    1    1    1    1    3   10  9.79477E+12 0.01720 
   41    1    1    1    1    1    1    1    3   11  9.66637E+12 0.01655 
   42    1    1    1    1    1    1    1    3   12  1.18098E+13 0.01490 
   43    1    1    1    1    1    1    1    3   13  1.44590E+13 0.01575 
   44    1    1    1    1    1    1    1    3   14  1.71362E+13 0.01401 
   45    1    1    1    1    1    1    1    3   15  2.26055E+13 0.01462 
   46    1    1    1    1    1    1    1    4    1  2.06459E+13 0.01419 
   47    1    1    1    1    1    1    1    4    2  1.60877E+13 0.01400 
   48    1    1    1    1    1    1    1    4    3  1.25215E+13 0.01509 
   49    1    1    1    1    1    1    1    4    4  9.76443E+12 0.01648 
   50    1    1    1    1    1    1    1    4    5  7.35887E+12 0.01957 
   51    1    1    1    1    1    1    1    4    6  7.57581E+12 0.01824 
   52    1    1    1    1    1    1    1    4    7  8.05774E+12 0.01848 
   53    1    1    1    1    1    1    1    4    8  7.44541E+12 0.01827 
   54    1    1    1    1    1    1    1    4    9  7.93250E+12 0.01837 
   55    1    1    1    1    1    1    1    4   10  8.18559E+12 0.01868 
   56    1    1    1    1    1    1    1    4   11  7.68822E+12 0.01926 
   57    1    1    1    1    1    1    1    4   12  9.98895E+12 0.01601 
   58    1    1    1    1    1    1    1    4   13  1.29420E+13 0.01423 
   59    1    1    1    1    1    1    1    4   14  1.61758E+13 0.01387 
   60    1    1    1    1    1    1    1    4   15  2.04981E+13 0.01423 
   61    1    1    1    1    1    1    1    5    1  1.91288E+13 0.01439 
   62    1    1    1    1    1    1    1    5    2  1.33646E+13 0.01454 
   63    1    1    1    1    1    1    1    5    3  1.01015E+13 0.01700 
   64    1    1    1    1    1    1    1    5    4  7.01666E+12 0.01798 
   65    1    1    1    1    1    1    1    5    5  3.13227E+12 0.02629 
   66    1    1    1    1    1    1    1    5    6  5.11353E+12 0.02245 
   67    1    1    1    1    1    1    1    5    7  6.19447E+12 0.02144 
   68    1    1    1    1    1    1    1    5    8  5.96742E+12 0.02024 
   69    1    1    1    1    1    1    1    5    9  6.03005E+12 0.02054 
   70    1    1    1    1    1    1    1    5   10  5.26284E+12 0.02192 
   71    1    1    1    1    1    1    1    5   11  3.08985E+12 0.02522 
   72    1    1    1    1    1    1    1    5   12  7.02914E+12 0.01735 
   73    1    1    1    1    1    1    1    5   13  1.04274E+13 0.01629 
   74    1    1    1    1    1    1    1    5   14  1.34488E+13 0.01388 
   75    1    1    1    1    1    1    1    5   15  1.87041E+13 0.01613 
   76    1    1    1    1    1    1    1    6    1  1.76653E+13 0.01487 
   77    1    1    1    1    1    1    1    6    2  1.28435E+13 0.01449 
   78    1    1    1    1    1    1    1    6    3  8.85331E+12 0.01701 
   79    1    1    1    1    1    1    1    6    4  5.22837E+12 0.02121 
   80    1    1    1    1    1    1    1    6    5  5.00846E+12 0.02215 
   81    1    1    1    1    1    1    1    6    6  4.54205E+12 0.02305 
   82    1    1    1    1    1    1    1    6    7  5.14275E+12 0.02156 
   83    1    1    1    1    1    1    1    6    8  6.12615E+12 0.02201 
   84    1    1    1    1    1    1    1    6    9  5.04513E+12 0.02337 
   85    1    1    1    1    1    1    1    6   10  4.93555E+12 0.02317 
   86    1    1    1    1    1    1    1    6   11  5.19181E+12 0.02256 
   87    1    1    1    1    1    1    1    6   12  5.25828E+12 0.02102 
   88    1    1    1    1    1    1    1    6   13  9.17846E+12 0.01694 
   89    1    1    1    1    1    1    1    6   14  1.30175E+13 0.01506 
   90    1    1    1    1    1    1    1    6   15  1.72639E+13 0.01590 
   91    1    1    1    1    1    1    1    7    1  1.66334E+13 0.01535 
   92    1    1    1    1    1    1    1    7    2  1.09118E+13 0.01582 
   93    1    1    1    1    1    1    1    7    3  7.28339E+12 0.01876 
   94    1    1    1    1    1    1    1    7    4  3.20783E+12 0.02702 
   95    1    1    1    1    1    1    1    7    5  4.46256E+12 0.02269 
   96    1    1    1    1    1    1    1    7    6  3.97550E+12 0.02659 
   97    1    1    1    1    1    1    1    7    7  4.32635E+12 0.02320 
   98    1    1    1    1    1    1    1    7    8  6.18281E+12 0.01954 
   99    1    1    1    1    1    1    1    7    9  4.59654E+12 0.02272 
  100    1    1    1    1    1    1    1    7   10  4.60344E+12 0.02393 
  101    1    1    1    1    1    1    1    7   11  4.74993E+12 0.02324 
  102    1    1    1    1    1    1    1    7   12  3.26224E+12 0.02556 
  103    1    1    1    1    1    1    1    7   13  7.37954E+12 0.01888 
  104    1    1    1    1    1    1    1    7   14  1.14015E+13 0.01526 
  105    1    1    1    1    1    1    1    7   15  1.68139E+13 0.01551 
  106    1    1    1    1    1    1    1    8    1  1.56841E+13 0.01624 
  107    1    1    1    1    1    1    1    8    2  1.08347E+13 0.01500 
  108    1    1    1    1    1    1    1    8    3  7.90290E+12 0.01796 
  109    1    1    1    1    1    1    1    8    4  5.40893E+12 0.02040 
