
ZAI = [
922350
942390
942400
942410
952410
952430
641550
641570
541350
621490
531310
551340
551370
666
0
];

NAMES = [
'U235            '
'Pu239           '
'Pu240           '
'Pu241           '
'Am241           '
'Am243           '
'Gd155           '
'Gd157           '
'Xe135           '
'Sm149           '
'I131            '
'Cs134           '
'Cs137           '
'lost            '
'total           '
];

i922350 = 1; iU235             = 1;
i942390 = 2; iPu239            = 2;
i942400 = 3; iPu240            = 3;
i942410 = 4; iPu241            = 4;
i952410 = 5; iAm241            = 5;
i952430 = 6; iAm243            = 6;
i641550 = 7; iGd155            = 7;
i641570 = 8; iGd157            = 8;
i541350 = 9; iXe135            = 9;
i621490 = 10; iSm149            = 10;
i531310 = 11; iI131             = 11;
i551340 = 12; iCs134            = 12;
i551370 = 13; iCs137            = 13;
iLOST    = 14;
iTOT     = 15;

MAT_fue1_VOLUME = [ 1.65945E+01 1.65945E+01 ];

MAT_fue1_BURNUP = [ 0.00000E+00 5.34629E-01 ];

MAT_fue1_ADENS = [
1.43700E-03 1.42209E-03 % U235
0.00000E+00 2.62900E-12 % Pu239
0.00000E+00 9.53748E-13 % Pu240
0.00000E+00 1.61413E-14 % Pu241
0.00000E+00 1.78756E-22 % Am241
0.00000E+00 9.18473E-24 % Am243
0.00000E+00 1.23040E-15 % Gd155
0.00000E+00 4.22204E-14 % Gd157
0.00000E+00 3.42844E-10 % Xe135
0.00000E+00 1.04381E-15 % Sm149
0.00000E+00 6.38778E-10 % I131
0.00000E+00 1.68300E-12 % Cs134
0.00000E+00 4.04270E-08 % Cs137
0.00000E+00 8.35411E-13 % lost data
6.76182E-02 6.76307E-02 % total
];

MAT_fue1_MDENS = [
5.60871E-01 5.55051E-01 % U235
0.00000E+00 1.04361E-09 % Pu239
0.00000E+00 3.80188E-10 % Pu240
0.00000E+00 6.46099E-12 % Pu241
0.00000E+00 7.15545E-20 % Am241
0.00000E+00 3.70714E-21 % Am243
0.00000E+00 3.16533E-13 % Gd155
0.00000E+00 1.10019E-11 % Gd157
0.00000E+00 7.68045E-08 % Xe135
0.00000E+00 2.58121E-13 % Sm149
0.00000E+00 1.38856E-07 % I131
0.00000E+00 3.74235E-10 % Cs134
0.00000E+00 9.19082E-06 % Cs137
0.00000E+00 0.00000E+00 % lost data
1.01000E+01 1.00999E+01 % total
];

MAT_fue1_A = [
7.43999E+05 7.36279E+05 % U235
0.00000E+00 3.97448E+01 % Pu239
0.00000E+00 5.29847E+01 % Pu240
0.00000E+00 4.11711E+02 % Pu241
0.00000E+00 1.50613E-07 % Am241
0.00000E+00 4.54241E-10 % Am243
0.00000E+00 0.00000E+00 % Gd155
0.00000E+00 0.00000E+00 % Gd157
0.00000E+00 1.19850E+11 % Xe135
0.00000E+00 0.00000E+00 % Sm149
0.00000E+00 1.06026E+10 % I131
0.00000E+00 2.97035E+05 % Cs134
0.00000E+00 4.90032E+08 % Cs137
0.00000E+00 0.00000E+00 % lost data
2.46551E+06 8.51875E+18 % total
];

MAT_fue1_H = [
5.49835E-07 5.44129E-07 % U235
0.00000E+00 3.33754E-11 % Pu239
0.00000E+00 4.45766E-11 % Pu240
0.00000E+00 3.53241E-13 % Pu241
0.00000E+00 1.35037E-19 % Am241
0.00000E+00 3.95282E-22 % Am243
0.00000E+00 0.00000E+00 % Gd155
0.00000E+00 0.00000E+00 % Gd157
0.00000E+00 1.08047E-02 % Xe135
0.00000E+00 0.00000E+00 % Sm149
0.00000E+00 9.76650E-04 % I131
0.00000E+00 8.17828E-08 % Cs134
0.00000E+00 1.41203E-05 % Cs137
0.00000E+00 0.00000E+00 % lost data
1.72902E-06 4.53045E+06 % total
];

MAT_fue1_SF = [
5.35679E-05 5.30121E-05 % U235
0.00000E+00 1.23209E-10 % Pu239
0.00000E+00 3.02013E-06 % Pu240
0.00000E+00 0.00000E+00 % Pu241
0.00000E+00 6.47634E-19 % Am241
0.00000E+00 1.68069E-20 % Am243
0.00000E+00 0.00000E+00 % Gd155
0.00000E+00 0.00000E+00 % Gd157
0.00000E+00 0.00000E+00 % Xe135
0.00000E+00 0.00000E+00 % Sm149
0.00000E+00 0.00000E+00 % I131
0.00000E+00 0.00000E+00 % Cs134
0.00000E+00 0.00000E+00 % Cs137
0.00000E+00 0.00000E+00 % lost data
9.39943E+01 9.39681E+01 % total
];

MAT_fue1_GSRC = [
9.04061E+05 8.94680E+05 % U235
0.00000E+00 1.74408E+00 % Pu239
0.00000E+00 5.16215E+00 % Pu240
0.00000E+00 1.02499E-02 % Pu241
0.00000E+00 9.47792E-08 % Am241
0.00000E+00 4.22906E-10 % Am243
0.00000E+00 0.00000E+00 % Gd155
0.00000E+00 0.00000E+00 % Gd157
0.00000E+00 1.19285E+11 % Xe135
0.00000E+00 0.00000E+00 % Sm149
0.00000E+00 1.11621E+10 % I131
0.00000E+00 6.64532E+05 % Cs134
0.00000E+00 2.84219E+03 % Cs137
0.00000E+00 0.00000E+00 % lost data
1.02923E+06 6.14342E+18 % total
];

MAT_fue1_ING_TOX = [
3.49679E-02 3.46051E-02 % U235
0.00000E+00 9.93619E-06 % Pu239
0.00000E+00 1.32462E-05 % Pu240
0.00000E+00 1.97621E-06 % Pu241
0.00000E+00 3.01225E-14 % Am241
0.00000E+00 9.08482E-17 % Am243
0.00000E+00 0.00000E+00 % Gd155
0.00000E+00 0.00000E+00 % Gd157
0.00000E+00 2.51685E+04 % Xe135
0.00000E+00 0.00000E+00 % Sm149
0.00000E+00 2.33258E+02 % I131
0.00000E+00 5.64367E-03 % Cs134
0.00000E+00 6.37042E+00 % Cs137
0.00000E+00 0.00000E+00 % lost data
1.12436E-01 3.38952E+10 % total
];

MAT_fue1_INH_TOX = [
6.32399E+00 6.25837E+00 % U235
0.00000E+00 4.76937E-03 % Pu239
0.00000E+00 6.35816E-03 % Pu240
0.00000E+00 9.46934E-04 % Pu241
0.00000E+00 1.44588E-11 % Am241
0.00000E+00 4.36071E-14 % Am243
0.00000E+00 0.00000E+00 % Gd155
0.00000E+00 0.00000E+00 % Gd157
0.00000E+00 1.31835E+04 % Xe135
0.00000E+00 0.00000E+00 % Sm149
0.00000E+00 7.84595E+01 % I131
0.00000E+00 5.94070E-03 % Cs134
0.00000E+00 1.91113E+01 % Cs137
0.00000E+00 0.00000E+00 % lost data
2.00960E+01 4.50343E+10 % total
];

MAT_fue2_VOLUME = [ 3.01719E+00 3.01719E+00 ];

MAT_fue2_BURNUP = [ 0.00000E+00 6.87707E-01 ];

MAT_fue2_ADENS = [
1.14052E-03 1.12152E-03 % U235
0.00000E+00 3.46200E-12 % Pu239
0.00000E+00 1.67957E-12 % Pu240
0.00000E+00 3.89730E-14 % Pu241
0.00000E+00 4.31256E-22 % Am241
0.00000E+00 4.77015E-23 % Am243
0.00000E+00 1.00746E-15 % Gd155
0.00000E+00 2.94193E-14 % Gd157
0.00000E+00 2.38679E-10 % Xe135
0.00000E+00 9.83516E-16 % Sm149
0.00000E+00 8.16567E-10 % I131
0.00000E+00 1.76454E-12 % Cs134
0.00000E+00 5.18694E-08 % Cs137
0.00000E+00 1.00974E-12 % lost data
6.76083E-02 6.76244E-02 % total
];

MAT_fue2_MDENS = [
4.45153E-01 4.37736E-01 % U235
0.00000E+00 1.37428E-09 % Pu239
0.00000E+00 6.69522E-10 % Pu240
0.00000E+00 1.56000E-11 % Pu241
0.00000E+00 1.72628E-19 % Am241
0.00000E+00 1.92532E-20 % Am243
0.00000E+00 2.59179E-13 % Gd155
0.00000E+00 7.66615E-12 % Gd157
0.00000E+00 5.34693E-08 % Xe135
0.00000E+00 2.43211E-13 % Sm149
0.00000E+00 1.77503E-07 % I131
0.00000E+00 3.92366E-10 % Cs134
0.00000E+00 1.17922E-05 % Cs137
0.00000E+00 0.00000E+00 % lost data
1.01000E+01 1.00999E+01 % total
];

MAT_fue2_A = [
1.07363E+05 1.05575E+05 % U235
0.00000E+00 9.51598E+00 % Pu239
0.00000E+00 1.69650E+01 % Pu240
0.00000E+00 1.80741E+02 % Pu241
0.00000E+00 6.60651E-08 % Am241
0.00000E+00 4.28932E-10 % Am243
0.00000E+00 0.00000E+00 % Gd155
0.00000E+00 0.00000E+00 % Gd157
0.00000E+00 1.51703E+10 % Xe135
0.00000E+00 0.00000E+00 % Sm149
0.00000E+00 2.46430E+09 % I131
0.00000E+00 5.66229E+04 % Cs134
0.00000E+00 1.14315E+08 % Cs137
0.00000E+00 0.00000E+00 % lost data
4.24713E+05 1.98529E+18 % total
];

MAT_fue2_H = [
7.93443E-08 7.80224E-08 % U235
0.00000E+00 7.99099E-12 % Pu239
0.00000E+00 1.42728E-11 % Pu240
0.00000E+00 1.55072E-13 % Pu241
0.00000E+00 5.92328E-20 % Am241
0.00000E+00 3.73258E-22 % Am243
0.00000E+00 0.00000E+00 % Gd155
0.00000E+00 0.00000E+00 % Gd157
0.00000E+00 1.36762E-03 % Xe135
0.00000E+00 0.00000E+00 % Sm149
0.00000E+00 2.26996E-04 % I131
0.00000E+00 1.55900E-08 % Cs134
0.00000E+00 3.29398E-06 % Cs137
0.00000E+00 0.00000E+00 % lost data
2.96721E-07 1.05510E+06 % total
];

MAT_fue2_SF = [
7.73016E-06 7.60137E-06 % U235
0.00000E+00 2.94995E-11 % Pu239
0.00000E+00 9.67005E-07 % Pu240
0.00000E+00 0.00000E+00 % Pu241
0.00000E+00 2.84080E-19 % Am241
0.00000E+00 1.58705E-20 % Am243
0.00000E+00 0.00000E+00 % Gd155
0.00000E+00 0.00000E+00 % Gd157
0.00000E+00 0.00000E+00 % Xe135
0.00000E+00 0.00000E+00 % Sm149
0.00000E+00 0.00000E+00 % I131
0.00000E+00 0.00000E+00 % Cs134
0.00000E+00 0.00000E+00 % Cs137
0.00000E+00 0.00000E+00 % lost data
1.73273E+01 1.73211E+01 % total
];

