
DETrad1 = [
    1    1    1    1    1    1    1    1    1    1  6.18346E-03 0.08590 
    2    1    1    1    1    1    1    1    1    2  1.96970E-02 0.05386 
    3    1    1    1    1    1    1    1    1    3  3.41559E-02 0.04018 
    4    1    1    1    1    1    1    1    1    4  4.83670E-02 0.03884 
    5    1    1    1    1    1    1    1    1    5  6.66585E-02 0.03327 
    6    1    1    1    1    1    1    1    2    1  6.42227E-03 0.08626 
    7    1    1    1    1    1    1    1    2    2  2.15183E-02 0.06529 
    8    1    1    1    1    1    1    1    2    3  3.27540E-02 0.04582 
    9    1    1    1    1    1    1    1    2    4  4.96856E-02 0.03659 
   10    1    1    1    1    1    1    1    2    5  6.69922E-02 0.02904 
   11    1    1    1    1    1    1    1    3    1  6.95184E-03 0.07948 
   12    1    1    1    1    1    1    1    3    2  1.99042E-02 0.05425 
   13    1    1    1    1    1    1    1    3    3  3.32801E-02 0.04670 
   14    1    1    1    1    1    1    1    3    4  4.98622E-02 0.03631 
   15    1    1    1    1    1    1    1    3    5  6.52848E-02 0.03213 
   16    1    1    1    1    1    1    1    4    1  7.08866E-03 0.07534 
   17    1    1    1    1    1    1    1    4    2  1.85802E-02 0.06298 
   18    1    1    1    1    1    1    1    4    3  3.26715E-02 0.04346 
   19    1    1    1    1    1    1    1    4    4  4.88846E-02 0.03707 
   20    1    1    1    1    1    1    1    4    5  6.71890E-02 0.03796 
];


DETrad1R = [
 0.00000E+00  1.50000E+00  7.50000E-01
 1.50000E+00  3.00000E+00  2.25000E+00
 3.00000E+00  4.50000E+00  3.75000E+00
 4.50000E+00  6.00000E+00  5.25000E+00
 6.00000E+00  7.50000E+00  6.75000E+00
];

DETrad1PHI = [
 0.00000E+00  1.57000E+00  7.85000E-01
 1.57000E+00  3.14000E+00  2.35500E+00
 3.14000E+00  4.71000E+00  3.92500E+00
 4.71000E+00  6.28000E+00  5.49500E+00
];

DETrad1Z = [
 0.00000E+00  0.00000E+00  0.00000E+00
];
