
DETFP = [
    1    1    1    1    1    1    1    1    1    1    1  9.99978E-01 0.00002 
    2    2    1    1    1    1    1    1    1    1    1  2.24379E-05 1.00000 
];


DETFPT = [
 0.00000E+00  2.50000E-05  1.25000E-05
 2.50000E-05  5.00000E-05  3.75000E-05
];
