
DETnodeFlx = [
    1    1    1    1    1    1    1    1    1    1  2.34759E-02 0.00453 
    2    1    2    1    1    1    1    1    1    1  5.75300E-02 0.00338 
    3    1    3    1    1    1    1    1    1    1  8.47000E-02 0.00295 
    4    1    4    1    1    1    1    1    1    1  1.02034E-01 0.00263 
    5    1    5    1    1    1    1    1    1    1  1.10384E-01 0.00231 
    6    1    6    1    1    1    1    1    1    1  1.10174E-01 0.00222 
    7    1    7    1    1    1    1    1    1    1  1.02934E-01 0.00238 
    8    1    8    1    1    1    1    1    1    1  9.28861E-02 0.00251 
    9    1    9    1    1    1    1    1    1    1  8.10541E-02 0.00282 
   10    1   10    1    1    1    1    1    1    1  6.79610E-02 0.00307 
   11    1   11    1    1    1    1    1    1    1  5.50446E-02 0.00359 
   12    1   12    1    1    1    1    1    1    1  4.22486E-02 0.00415 
   13    1   13    1    1    1    1    1    1    1  3.10226E-02 0.00511 
   14    1   14    1    1    1    1    1    1    1  2.11475E-02 0.00687 
   15    1   15    1    1    1    1    1    1    1  1.25272E-02 0.00809 
   16    1   16    1    1    1    1    1    1    1  4.87726E-03 0.01002 
];


DETnodeFlxE = [
 0.00000E+00  2.00000E+01  1.00000E+01
];

