
ZAI = [
922350
942390
942400
942410
952410
952430
531310
551340
551370
666
0
];

NAMES = [
'U235            '
'Pu239           '
'Pu240           '
'Pu241           '
'Am241           '
'Am243           '
'I131            '
'Cs134           '
'Cs137           '
'lost            '
'total           '
];

i922350 = 1; iU235             = 1;
i942390 = 2; iPu239            = 2;
i942400 = 3; iPu240            = 3;
i942410 = 4; iPu241            = 4;
i952410 = 5; iAm241            = 5;
i952430 = 6; iAm243            = 6;
i531310 = 7; iI131             = 7;
i551340 = 8; iCs134            = 8;
i551370 = 9; iCs137            = 9;
iLOST    = 10;
iTOT     = 11;

MAT_fue1_VOLUME = [ 1.65945E+01 1.65945E+01 1.65945E+01 ];

MAT_fue1_BURNUP = [ 0.00000E+00 5.35687E-01 1.07112E+00 ];

MAT_fue1_ADENS = [
1.43700E-03 1.42206E-03 1.40714E-03 % U235
0.00000E+00 2.63895E-12 2.07604E-11 % Pu239
0.00000E+00 9.60429E-13 1.49190E-11 % Pu240
0.00000E+00 1.73743E-14 5.15998E-13 % Pu241
0.00000E+00 1.92426E-22 1.15106E-20 % Am241
0.00000E+00 9.89498E-24 2.17207E-21 % Am243
0.00000E+00 6.39599E-10 1.61342E-09 % I131
0.00000E+00 1.67330E-12 3.34640E-12 % Cs134
0.00000E+00 4.05018E-08 1.56648E-07 % Cs137
0.00000E+00 8.32214E-13 1.66821E-12 % lost data
6.76182E-02 6.76308E-02 6.76433E-02 % total
];

MAT_fue1_MDENS = [
5.60871E-01 5.55038E-01 5.49214E-01 % U235
0.00000E+00 1.04756E-09 8.24110E-09 % Pu239
0.00000E+00 3.82852E-10 5.94710E-09 % Pu240
0.00000E+00 6.95454E-12 2.06542E-10 % Pu241
0.00000E+00 7.70263E-20 4.60759E-18 % Am241
0.00000E+00 3.99381E-21 8.76692E-19 % Am243
0.00000E+00 1.39034E-07 3.50722E-07 % I131
0.00000E+00 3.72078E-10 7.44113E-10 % Cs134
0.00000E+00 9.20781E-06 3.56130E-05 % Cs137
0.00000E+00 0.00000E+00 0.00000E+00 % lost data
1.01000E+01 1.00999E+01 1.00999E+01 % total
];

MAT_fue1_A = [
7.43999E+05 7.36261E+05 7.28537E+05 % U235
0.00000E+00 3.98952E+01 3.13853E+02 % Pu239
0.00000E+00 5.33559E+01 8.28814E+02 % Pu240
0.00000E+00 4.43161E+02 1.31614E+04 % Pu241
0.00000E+00 1.62130E-07 9.69837E-06 % Am241
0.00000E+00 4.89367E-10 1.07422E-07 % Am243
0.00000E+00 1.06163E+10 2.67801E+10 % I131
0.00000E+00 2.95323E+05 5.90612E+05 % Cs134
0.00000E+00 4.90939E+08 1.89880E+09 % Cs137
0.00000E+00 0.00000E+00 0.00000E+00 % lost data
2.46551E+06 8.53513E+18 1.01210E+19 % total
];

MAT_fue1_H = [
5.49835E-07 5.44116E-07 5.38408E-07 % U235
0.00000E+00 3.35018E-11 2.63556E-10 % Pu239
0.00000E+00 4.48889E-11 6.97290E-10 % Pu240
0.00000E+00 3.80225E-13 1.12923E-11 % Pu241
0.00000E+00 1.45363E-19 8.69538E-18 % Am241
0.00000E+00 4.25849E-22 9.34792E-20 % Am243
0.00000E+00 9.77907E-04 2.46682E-03 % I131
0.00000E+00 8.13115E-08 1.62613E-07 % Cs134
0.00000E+00 1.41464E-05 5.47140E-05 % Cs137
0.00000E+00 0.00000E+00 0.00000E+00 % lost data
1.72902E-06 4.53903E+06 5.24243E+06 % total
];

MAT_fue1_SF = [
5.35679E-05 5.30108E-05 5.24546E-05 % U235
0.00000E+00 1.23675E-10 9.72944E-10 % Pu239
0.00000E+00 3.04129E-06 4.72424E-05 % Pu240
0.00000E+00 0.00000E+00 0.00000E+00 % Pu241
0.00000E+00 6.97159E-19 4.17030E-17 % Am241
0.00000E+00 1.81066E-20 3.97462E-18 % Am243
0.00000E+00 0.00000E+00 0.00000E+00 % I131
0.00000E+00 0.00000E+00 0.00000E+00 % Cs134
0.00000E+00 0.00000E+00 0.00000E+00 % Cs137
0.00000E+00 0.00000E+00 0.00000E+00 % lost data
9.39943E+01 9.39680E+01 9.39417E+01 % total
];

MAT_fue1_GSRC = [
9.04061E+05 8.94659E+05 8.85272E+05 % U235
0.00000E+00 1.75068E+00 1.37725E+01 % Pu239
0.00000E+00 5.19831E+00 8.07489E+01 % Pu240
0.00000E+00 1.10329E-02 3.27665E-01 % Pu241
0.00000E+00 1.02027E-07 6.10310E-06 % Am241
0.00000E+00 4.55609E-10 1.00012E-07 % Am243
0.00000E+00 1.11764E+10 2.81931E+10 % I131
0.00000E+00 6.60703E+05 1.32133E+06 % Cs134
0.00000E+00 2.84744E+03 1.10130E+04 % Cs137
0.00000E+00 0.00000E+00 0.00000E+00 % lost data
1.02923E+06 6.15527E+18 7.01739E+18 % total
];

MAT_fue1_ING_TOX = [
3.49679E-02 3.46043E-02 3.42412E-02 % U235
0.00000E+00 9.97379E-06 7.84632E-05 % Pu239
0.00000E+00 1.33390E-05 2.07203E-04 % Pu240
0.00000E+00 2.12717E-06 6.31747E-05 % Pu241
0.00000E+00 3.24260E-14 1.93967E-12 % Am241
0.00000E+00 9.78734E-17 2.14845E-14 % Am243
0.00000E+00 2.33558E+02 5.89163E+02 % I131
0.00000E+00 5.61115E-03 1.12216E-02 % Cs134
0.00000E+00 6.38220E+00 2.46844E+01 % Cs137
0.00000E+00 0.00000E+00 0.00000E+00 % lost data
1.12436E-01 3.39594E+10 5.57236E+10 % total
];

MAT_fue1_INH_TOX = [
6.32399E+00 6.25822E+00 6.19256E+00 % U235
0.00000E+00 4.78742E-03 3.76623E-02 % Pu239
0.00000E+00 6.40271E-03 9.94576E-02 % Pu240
0.00000E+00 1.01927E-03 3.02712E-02 % Pu241
0.00000E+00 1.55645E-11 9.31044E-10 % Am241
0.00000E+00 4.69792E-14 1.03125E-11 % Am243
0.00000E+00 7.85604E+01 1.98173E+02 % I131
0.00000E+00 5.90647E-03 1.18122E-02 % Cs134
0.00000E+00 1.91466E+01 7.40531E+01 % Cs137
0.00000E+00 0.00000E+00 0.00000E+00 % lost data
2.00960E+01 4.51185E+10 7.64674E+10 % total
];

MAT_fue2_VOLUME = [ 3.01719E+00 3.01719E+00 3.01719E+00 ];

MAT_fue2_BURNUP = [ 0.00000E+00 6.83701E-01 1.37082E+00 ];

MAT_fue2_ADENS = [
1.14052E-03 1.12164E-03 1.10265E-03 % U235
0.00000E+00 3.39051E-12 2.65401E-11 % Pu239
0.00000E+00 1.62336E-12 2.52396E-11 % Pu240
0.00000E+00 3.39140E-14 1.05584E-12 % Pu241
0.00000E+00 3.75168E-22 2.35991E-20 % Am241
0.00000E+00 4.80984E-23 7.58936E-21 % Am243
0.00000E+00 8.10559E-10 2.05335E-09 % I131
0.00000E+00 1.72179E-12 3.45192E-12 % Cs134
0.00000E+00 5.15533E-08 2.00068E-07 % Cs137
0.00000E+00 9.88515E-13 1.98478E-12 % lost data
6.76083E-02 6.76243E-02 6.76404E-02 % total
];

MAT_fue2_MDENS = [
4.45153E-01 4.37783E-01 4.30372E-01 % U235
0.00000E+00 1.34590E-09 1.05354E-08 % Pu239
0.00000E+00 6.47114E-10 1.00612E-08 % Pu240
0.00000E+00 1.35750E-11 4.22630E-10 % Pu241
0.00000E+00 1.50176E-19 9.44649E-18 % Am241
0.00000E+00 1.94135E-20 3.06321E-18 % Am243
0.00000E+00 1.76197E-07 4.46352E-07 % I131
0.00000E+00 3.82861E-10 7.67576E-10 % Cs134
0.00000E+00 1.17203E-05 4.54842E-05 % Cs137
0.00000E+00 0.00000E+00 0.00000E+00 % lost data
1.01000E+01 1.00999E+01 1.00999E+01 % total
];

MAT_fue2_A = [
1.07363E+05 1.05586E+05 1.03798E+05 % U235
0.00000E+00 9.31947E+00 7.29508E+01 % Pu239
0.00000E+00 1.63972E+01 2.54939E+02 % Pu240
0.00000E+00 1.57279E+02 4.89655E+03 % Pu241
0.00000E+00 5.74730E-08 3.61520E-06 % Am241
0.00000E+00 4.32502E-10 6.82436E-08 % Am243
0.00000E+00 2.44617E+09 6.19676E+09 % I131
0.00000E+00 5.52513E+04 1.10770E+05 % Cs134
0.00000E+00 1.13618E+08 4.40929E+08 % Cs137
0.00000E+00 0.00000E+00 0.00000E+00 % lost data
4.24713E+05 1.97321E+18 2.35109E+18 % total
];

MAT_fue2_H = [
7.93443E-08 7.80307E-08 7.67098E-08 % U235
0.00000E+00 7.82597E-12 6.12600E-11 % Pu239
0.00000E+00 1.37951E-11 2.14483E-10 % Pu240
0.00000E+00 1.34943E-13 4.20116E-12 % Pu241
0.00000E+00 5.15292E-20 3.24132E-18 % Am241
0.00000E+00 3.76364E-22 5.93858E-20 % Am243
0.00000E+00 2.25326E-04 5.70808E-04 % I131
0.00000E+00 1.52124E-08 3.04984E-08 % Cs134
0.00000E+00 3.27390E-06 1.27054E-05 % Cs137
0.00000E+00 0.00000E+00 0.00000E+00 % lost data
2.96721E-07 1.04870E+06 1.21714E+06 % total
];

MAT_fue2_SF = [
7.73016E-06 7.60217E-06 7.47349E-06 % U235
0.00000E+00 2.88904E-11 2.26147E-10 % Pu239
0.00000E+00 9.34640E-07 1.45315E-05 % Pu240
0.00000E+00 0.00000E+00 0.00000E+00 % Pu241
0.00000E+00 2.47134E-19 1.55454E-17 % Am241
0.00000E+00 1.60026E-20 2.52501E-18 % Am243
0.00000E+00 0.00000E+00 0.00000E+00 % I131
0.00000E+00 0.00000E+00 0.00000E+00 % Cs134
0.00000E+00 0.00000E+00 0.00000E+00 % Cs137
0.00000E+00 0.00000E+00 0.00000E+00 % lost data
1.73273E+01 1.73212E+01 1.73151E+01 % total
];

