
ZAI = [
922350
942390
942400
942410
952410
952430
641550
641570
541350
621490
531310
551340
551370
666
0
];

NAMES = [
'U235            '
'Pu239           '
'Pu240           '
'Pu241           '
'Am241           '
'Am243           '
'Gd155           '
'Gd157           '
'Xe135           '
'Sm149           '
'I131            '
'Cs134           '
'Cs137           '
'lost            '
'total           '
];

i922350 = 1; iU235             = 1;
i942390 = 2; iPu239            = 2;
i942400 = 3; iPu240            = 3;
i942410 = 4; iPu241            = 4;
i952410 = 5; iAm241            = 5;
i952430 = 6; iAm243            = 6;
i641550 = 7; iGd155            = 7;
i641570 = 8; iGd157            = 8;
i541350 = 9; iXe135            = 9;
i621490 = 10; iSm149            = 10;
i531310 = 11; iI131             = 11;
i551340 = 12; iCs134            = 12;
i551370 = 13; iCs137            = 13;
iLOST    = 14;
iTOT     = 15;

MAT_fue1_VOLUME = [ 1.65945E+01 1.65945E+01 1.65945E+01 ];

MAT_fue1_BURNUP = [ 0.00000E+00 5.35775E-01 1.07031E+00 ];

MAT_fue1_ADENS = [
1.43700E-03 1.42206E-03 1.40716E-03 % U235
0.00000E+00 2.61705E-12 2.05865E-11 % Pu239
0.00000E+00 9.50324E-13 1.47489E-11 % Pu240
0.00000E+00 1.65748E-14 4.97351E-13 % Pu241
0.00000E+00 1.83575E-22 1.10670E-20 % Am241
0.00000E+00 9.85381E-24 2.28155E-21 % Am243
0.00000E+00 1.23391E-15 2.10936E-15 % Gd155
0.00000E+00 4.21679E-14 7.26246E-14 % Gd157
0.00000E+00 3.43975E-10 3.89166E-10 % Xe135
0.00000E+00 1.04878E-15 9.04923E-15 % Sm149
0.00000E+00 6.40141E-10 1.61300E-09 % I131
0.00000E+00 1.68901E-12 3.36335E-12 % Cs134
0.00000E+00 4.05154E-08 1.56600E-07 % Cs137
0.00000E+00 8.37882E-13 1.67490E-12 % lost data
6.76182E-02 6.76308E-02 6.76433E-02 % total
];

MAT_fue1_MDENS = [
5.60871E-01 5.55039E-01 5.49224E-01 % U235
0.00000E+00 1.03887E-09 8.17207E-09 % Pu239
0.00000E+00 3.78824E-10 5.87930E-09 % Pu240
0.00000E+00 6.63450E-12 1.99078E-10 % Pu241
0.00000E+00 7.34834E-20 4.43001E-18 % Am241
0.00000E+00 3.97719E-21 9.20877E-19 % Am243
0.00000E+00 3.17434E-13 5.42653E-13 % Gd155
0.00000E+00 1.09882E-11 1.89247E-11 % Gd157
0.00000E+00 7.70578E-08 8.71817E-08 % Xe135
0.00000E+00 2.59349E-13 2.23776E-12 % Sm149
0.00000E+00 1.39152E-07 3.50630E-07 % I131
0.00000E+00 3.75572E-10 7.47882E-10 % Cs134
0.00000E+00 9.21090E-06 3.56019E-05 % Cs137
0.00000E+00 0.00000E+00 0.00000E+00 % lost data
1.01000E+01 1.00999E+01 1.00999E+01 % total
];

MAT_fue1_A = [
7.43999E+05 7.36263E+05 7.28550E+05 % U235
0.00000E+00 3.95641E+01 3.11224E+02 % Pu239
0.00000E+00 5.27945E+01 8.19365E+02 % Pu240
0.00000E+00 4.22767E+02 1.26858E+04 % Pu241
0.00000E+00 1.54673E-07 9.32458E-06 % Am241
0.00000E+00 4.87331E-10 1.12836E-07 % Am243
0.00000E+00 0.00000E+00 0.00000E+00 % Gd155
0.00000E+00 0.00000E+00 0.00000E+00 % Gd157
0.00000E+00 1.20245E+11 1.36043E+11 % Xe135
0.00000E+00 0.00000E+00 0.00000E+00 % Sm149
0.00000E+00 1.06253E+10 2.67731E+10 % I131
0.00000E+00 2.98097E+05 5.93604E+05 % Cs134
0.00000E+00 4.91103E+08 1.89821E+09 % Cs137
0.00000E+00 0.00000E+00 0.00000E+00 % lost data
2.46551E+06 8.53712E+18 1.01069E+19 % total
];

MAT_fue1_H = [
5.49835E-07 5.44118E-07 5.38417E-07 % U235
0.00000E+00 3.32238E-11 2.61349E-10 % Pu239
0.00000E+00 4.44166E-11 6.89340E-10 % Pu240
0.00000E+00 3.62727E-13 1.08842E-11 % Pu241
0.00000E+00 1.38677E-19 8.36025E-18 % Am241
0.00000E+00 4.24077E-22 9.81905E-20 % Am243
0.00000E+00 0.00000E+00 0.00000E+00 % Gd155
0.00000E+00 0.00000E+00 0.00000E+00 % Gd157
0.00000E+00 1.08403E-02 1.22645E-02 % Xe135
0.00000E+00 0.00000E+00 0.00000E+00 % Sm149
0.00000E+00 9.78734E-04 2.46618E-03 % I131
0.00000E+00 8.20751E-08 1.63437E-07 % Cs134
0.00000E+00 1.41512E-05 5.46969E-05 % Cs137
0.00000E+00 0.00000E+00 0.00000E+00 % lost data
1.72902E-06 4.54037E+06 5.23528E+06 % total
];

MAT_fue1_SF = [
5.35679E-05 5.30110E-05 5.24556E-05 % U235
0.00000E+00 1.22649E-10 9.64794E-10 % Pu239
0.00000E+00 3.00929E-06 4.67038E-05 % Pu240
0.00000E+00 0.00000E+00 0.00000E+00 % Pu241
0.00000E+00 6.65093E-19 4.00957E-17 % Am241
0.00000E+00 1.80312E-20 4.17494E-18 % Am243
0.00000E+00 0.00000E+00 0.00000E+00 % Gd155
0.00000E+00 0.00000E+00 0.00000E+00 % Gd157
0.00000E+00 0.00000E+00 0.00000E+00 % Xe135
0.00000E+00 0.00000E+00 0.00000E+00 % Sm149
0.00000E+00 0.00000E+00 0.00000E+00 % I131
0.00000E+00 0.00000E+00 0.00000E+00 % Cs134
0.00000E+00 0.00000E+00 0.00000E+00 % Cs137
0.00000E+00 0.00000E+00 0.00000E+00 % lost data
9.39943E+01 9.39682E+01 9.39420E+01 % total
];

MAT_fue1_GSRC = [
9.04061E+05 8.94662E+05 8.85288E+05 % U235
0.00000E+00 1.73615E+00 1.36571E+01 % Pu239
0.00000E+00 5.14362E+00 7.98284E+01 % Pu240
0.00000E+00 1.05252E-02 3.15823E-01 % Pu241
0.00000E+00 9.73343E-08 5.86788E-06 % Am241
0.00000E+00 4.53713E-10 1.05052E-07 % Am243
0.00000E+00 0.00000E+00 0.00000E+00 % Gd155
0.00000E+00 0.00000E+00 0.00000E+00 % Gd157
0.00000E+00 1.19679E+11 1.35402E+11 % Xe135
0.00000E+00 0.00000E+00 0.00000E+00 % Sm149
0.00000E+00 1.11859E+10 2.81858E+10 % I131
0.00000E+00 6.66908E+05 1.32802E+06 % Cs134
0.00000E+00 2.84840E+03 1.10096E+04 % Cs137
0.00000E+00 0.00000E+00 0.00000E+00 % lost data
1.02923E+06 6.15668E+18 7.00724E+18 % total
];

MAT_fue1_ING_TOX = [
3.49679E-02 3.46044E-02 3.42418E-02 % U235
0.00000E+00 9.89103E-06 7.78060E-05 % Pu239
0.00000E+00 1.31986E-05 2.04841E-04 % Pu240
0.00000E+00 2.02928E-06 6.08917E-05 % Pu241
0.00000E+00 3.09346E-14 1.86492E-12 % Am241
0.00000E+00 9.74662E-17 2.25673E-14 % Am243
0.00000E+00 0.00000E+00 0.00000E+00 % Gd155
0.00000E+00 0.00000E+00 0.00000E+00 % Gd157
0.00000E+00 2.52515E+04 2.85690E+04 % Xe135
0.00000E+00 0.00000E+00 0.00000E+00 % Sm149
0.00000E+00 2.33756E+02 5.89009E+02 % I131
0.00000E+00 5.66384E-03 1.12785E-02 % Cs134
0.00000E+00 6.38434E+00 2.46767E+01 % Cs137
0.00000E+00 0.00000E+00 0.00000E+00 % lost data
1.12436E-01 3.39706E+10 5.56778E+10 % total
];

MAT_fue1_INH_TOX = [
6.32399E+00 6.25824E+00 6.19267E+00 % U235
0.00000E+00 4.74770E-03 3.73469E-02 % Pu239
0.00000E+00 6.33534E-03 9.83238E-02 % Pu240
0.00000E+00 9.72364E-04 2.91773E-02 % Pu241
0.00000E+00 1.48486E-11 8.95160E-10 % Am241
0.00000E+00 4.67838E-14 1.08323E-11 % Am243
0.00000E+00 0.00000E+00 0.00000E+00 % Gd155
0.00000E+00 0.00000E+00 0.00000E+00 % Gd157
0.00000E+00 1.32270E+04 1.49647E+04 % Xe135
0.00000E+00 0.00000E+00 0.00000E+00 % Sm149
0.00000E+00 7.86269E+01 1.98121E+02 % I131
0.00000E+00 5.96194E-03 1.18721E-02 % Cs134
0.00000E+00 1.91530E+01 7.40301E+01 % Cs137
0.00000E+00 0.00000E+00 0.00000E+00 % lost data
2.00960E+01 4.51350E+10 7.64089E+10 % total
];

MAT_fue2_VOLUME = [ 3.01719E+00 3.01719E+00 3.01719E+00 ];

MAT_fue2_BURNUP = [ 0.00000E+00 6.80455E-01 1.37153E+00 ];

MAT_fue2_ADENS = [
1.14052E-03 1.12175E-03 1.10267E-03 % U235
0.00000E+00 3.42298E-12 2.67595E-11 % Pu239
0.00000E+00 1.62556E-12 2.55608E-11 % Pu240
0.00000E+00 3.70533E-14 1.18519E-12 % Pu241
0.00000E+00 4.10068E-22 2.60420E-20 % Am241
0.00000E+00 4.71308E-23 1.21757E-20 % Am243
0.00000E+00 1.01606E-15 1.51898E-15 % Gd155
0.00000E+00 2.98142E-14 4.79575E-14 % Gd157
0.00000E+00 2.39718E-10 2.65218E-10 % Xe135
0.00000E+00 9.82910E-16 8.68806E-15 % Sm149
0.00000E+00 8.07581E-10 2.05288E-09 % I131
0.00000E+00 1.76089E-12 3.49710E-12 % Cs134
0.00000E+00 5.13234E-08 1.99655E-07 % Cs137
0.00000E+00 1.00816E-12 2.00711E-12 % lost data
6.76083E-02 6.76242E-02 6.76404E-02 % total
];

MAT_fue2_MDENS = [
4.45153E-01 4.37826E-01 4.30379E-01 % U235
0.00000E+00 1.35879E-09 1.06225E-08 % Pu239
0.00000E+00 6.47991E-10 1.01892E-08 % Pu240
0.00000E+00 1.48316E-11 4.74404E-10 % Pu241
0.00000E+00 1.64146E-19 1.04244E-17 % Am241
0.00000E+00 1.90229E-20 4.91436E-18 % Am243
0.00000E+00 2.61392E-13 3.90772E-13 % Gd155
0.00000E+00 7.76906E-12 1.24969E-11 % Gd157
0.00000E+00 5.37021E-08 5.94147E-08 % Xe135
0.00000E+00 2.43061E-13 2.14844E-12 % Sm149
0.00000E+00 1.75550E-07 4.46249E-07 % I131
0.00000E+00 3.91555E-10 7.77622E-10 % Cs134
0.00000E+00 1.16680E-05 4.53903E-05 % Cs137
0.00000E+00 0.00000E+00 0.00000E+00 % lost data
1.01000E+01 1.00999E+01 1.00999E+01 % total
];

