t = 4.320000000000000000000000000000E+04;
N0(  1, 1) =  1.173442217504030343064509202267E-07; % lost
N0(  2, 1) =  6.107569078762340004851731368926E-12; % 1001.09c
N0(  3, 1) =  7.480538061277827561791279780104E-13; % 1002.09c
N0(  4, 1) =  7.524067572800136379093002835802E-16; % 1003.09c
N0(  5, 1) =  1.661130197369227900614564647189E-34; % 2003.09c
N0(  6, 1) =  1.675801854789014386183730842246E-09; % 2004.09c
N0(  7, 1) =  1.192237903500088105213513116849E-36; % 3006.09c
N0(  8, 1) =  1.890406222896768882728698365910E-26; % 3007.09c
N0(  9, 1) =  5.091950543309340069771352296676E-16; % 4009.09c
N0( 10, 1) =  7.911421124933054154780514513478E-34; % 5010.09c
N0( 11, 1) =  1.689898761577859815115503669069E-22; % 5011.09c
N0( 12, 1) =  6.926766951415833754483467930862E-12; % 6012.09c
N0( 13, 1) =  7.524063448446756545011516533849E-16; % 7014.09c
N0( 14, 1) =  8.520767511801618466862212388100E-13; % 7015.09c
N0( 15, 1) =  4.524295397668215423792048568430E-02; % 8016.09c
N0( 16, 1) =  1.713078813777506066430984614625E-12; % 8017.09c
N0( 17, 1) =  1.862288707872369813372947403112E-51; % 56138.09c
N0( 18, 1) =  2.322873148851457543049133423703E-50; % 56140.09c
N0( 19, 1) =  1.153521518831756615412547129225E-55; % 58138.09c
N0( 20, 1) =  7.725246857049638153859558555191E-50; % 58139.09c
N0( 21, 1) =  5.740847412491484174976985237696E-44; % 58140.09c
N0( 22, 1) =  1.554140631730936206248064780630E-42; % 58141.09c
N0( 23, 1) =  3.107572656841361401222752182298E-40; % 58142.09c
N0( 24, 1) =  9.125664606547203192562418890936E-40; % 58143.09c
N0( 25, 1) =  6.822161440850004965395235917066E-39; % 58144.09c
N0( 26, 1) =  9.718256156712333137588821437962E-56; % 59141.09c
N0( 27, 1) =  1.592374439138871796546908096303E-51; % 59142.09c
N0( 28, 1) =  1.147648747079376242752346451897E-46; % 59143.09c
N0( 29, 1) =  1.152034152616066657377746473458E-43; % 60142.09c
N0( 30, 1) =  5.660727987271489232604452869517E-41; % 60143.09c
N0( 31, 1) =  4.494116014593675508845864482010E-34; % 60144.09c
N0( 32, 1) =  8.992102021774057089345367716728E-31; % 60145.09c
N0( 33, 1) =  8.656941793481945389717947438184E-29; % 60146.09c
N0( 34, 1) =  5.969109819262743373887639698821E-28; % 60147.09c
N0( 35, 1) =  1.066420576636048813144555599963E-26; % 60148.09c
N0( 36, 1) =  9.108836473603100649831548692105E-27; % 60150.09c
N0( 37, 1) =  7.560066322046630167217097343197E-36; % 61147.09c
N0( 38, 1) =  6.081573581839334987004826699316E-33; % 61148.09c
N0( 39, 1) =  7.935626012595454177696935141418E-40; % 61348.09c
N0( 40, 1) =  1.678574008463506481983207619551E-29; % 61149.09c
N0( 41, 1) =  2.769957175697237981666487181200E-26; % 61151.09c
N0( 42, 1) =  2.429391733245793121208155852500E-30; % 62147.09c
N0( 43, 1) =  6.936582457352356715849246750519E-27; % 62148.09c
N0( 44, 1) =  3.219604350939921213799816620000E-20; % 62149.09c
N0( 45, 1) =  4.148638075920098198712106974897E-17; % 62150.09c
N0( 46, 1) =  6.021455789043798227309382550971E-16; % 62151.09c
N0( 47, 1) =  3.682546570729935046911641193438E-15; % 62152.09c
N0( 48, 1) =  2.259271829349722819970385358417E-15; % 62153.09c
N0( 49, 1) =  2.859929317407144400488030772242E-15; % 62154.09c
N0( 50, 1) =  5.345407104498671977043211593605E-28; % 63151.09c
N0( 51, 1) =  2.345326309390006926071919624630E-25; % 63152.09c
N0( 52, 1) =  1.361400652117108462473879542241E-17; % 63153.09c
N0( 53, 1) =  4.179353789677477343472192526060E-16; % 63154.09c
N0( 54, 1) =  4.615272469671493964111769943884E-15; % 63155.09c
N0( 55, 1) =  2.153465888083002736889210511003E-15; % 63156.09c
N0( 56, 1) =  2.903077623025441183555178209283E-15; % 63157.09c
N0( 57, 1) =  4.903581690976771111438893083466E-16; % 64152.09c
N0( 58, 1) =  3.624995440717127337877528841431E-13; % 64153.09c
N0( 59, 1) =  4.616917844075559804227840143831E-05; % 64154.09c
N0( 60, 1) =  2.969194385985983930184572976430E-04; % 64155.09c
N0( 61, 1) =  4.137300906148564500451614289744E-04; % 64156.09c
N0( 62, 1) =  3.147461344099014199891806153886E-04; % 64157.09c
N0( 63, 1) =  4.982967128670550598437682943143E-04; % 64158.09c
N0(64, 1) =  4.376379144643168764457208386176E-04; % 64160.09c
N0(65, 1) =  3.846796343279221003716384420470E-17; % 92232.09c
N0(66, 1) =  6.870389061970011623342495241181E-14; % 92233.09c
N0(67, 1) =  4.293077139753901466342252829511E-06; % 92234.09c
N0(68, 1) =  5.621565873446702577345690521327E-04; % 92235.09c
N0(69, 1) =  2.982886100926178976367134239832E-08; % 92236.09c
N0(70, 1) =  1.456340924238686170077029955405E-09; % 92237.09c
N0(71, 1) =  2.054873740352017655319549760407E-02; % 92238.09c
N0(72, 1) =  2.108367055387284252194156353166E-07; % 92239.09c
N0(73, 1) =  9.841801952371811001202615665146E-12; % 92240.09c
N0(74, 1) =  8.052266563002563381135156316475E-16; % 92241.09c
ZAI(  1) =  -1;
ZAI(  2) =  10010;
ZAI(  3) =  10020;
ZAI(  4) =  10030;
ZAI(  5) =  20030;
ZAI(  6) =  20040;
ZAI(  7) =  30060;
ZAI(  8) =  30070;
ZAI(  9) =  40090;
ZAI( 10) =  50100;
ZAI( 11) =  50110;
ZAI( 12) =  60120;
ZAI( 13) =  70140;
ZAI( 14) =  70150;
ZAI( 15) =  80160;
ZAI( 16) =  80170;
ZAI( 17) =  561380;
ZAI( 18) =  561400;
ZAI( 19) =  581380;
ZAI( 20) =  581390;
ZAI( 21) =  581400;
ZAI( 22) =  581410;
ZAI( 23) =  581420;
ZAI( 24) =  581430;
ZAI( 25) =  581440;
ZAI( 26) =  591410;
ZAI( 27) =  591420;
ZAI( 28) =  591430;
ZAI( 29) =  601420;
ZAI( 30) =  601430;
ZAI( 31) =  601440;
ZAI( 32) =  601450;
ZAI( 33) =  601460;
ZAI( 34) =  601470;
ZAI( 35) =  601480;
ZAI( 36) =  601500;
ZAI( 37) =  611470;
ZAI( 38) =  611480;
ZAI( 39) =  611481;
ZAI( 40) =  611490;
ZAI( 41) =  611510;
ZAI( 42) =  621470;
ZAI( 43) =  621480;
ZAI( 44) =  621490;
ZAI( 45) =  621500;
ZAI( 46) =  621510;
ZAI( 47) =  621520;
ZAI( 48) =  621530;
ZAI( 49) =  621540;
ZAI( 50) =  631510;
ZAI( 51) =  631520;
ZAI( 52) =  631530;
ZAI( 53) =  631540;
ZAI( 54) =  631550;
ZAI( 55) =  631560;
ZAI( 56) =  631570;
ZAI( 57) =  641520;
ZAI( 58) =  641530;
ZAI( 59) =  641540;
ZAI( 60) =  641550;
ZAI( 61) =  641560;
ZAI( 62) =  641570;
ZAI( 63) =  641580;
ZAI( 64) =  641600;
ZAI(65) =  922320;
ZAI(66) =  922330;
ZAI(67) =  922340;
ZAI(68) =  922350;
ZAI(69) =  922360;
ZAI(70) =  922370;
ZAI(71) =  922380;
ZAI(72) =  922390;
ZAI(73) =  922400;
ZAI(74) =  922410;
A = zeros(74, 74);
A(   2,    2) = -1.500972704886488647503396416401E-12;
A(   3,    2) = 1.500972704886488647503396416401E-12;
A(   2,    3) = 5.687870226606423932896571207969E-13;
A(   3,    3) = -5.720883466943302981363433665387E-13;
A(   4,    3) = 3.301324033687918651752087109537E-15;
A(   3,    4) = 1.749958583327165427037404794306E-15;
A(   4,    4) = -1.749958583327165427037404794306E-15;
A(   2,    5) = 2.400849160415504089701142504797E-08;
A(   3,    5) = 5.596261889150096989202279986771E-13;
A(   4,    5) = 2.400849160415504089701142504797E-08;
A(   5,    5) = -2.400877155829509548378333902603E-08;
A(   6,    5) = 1.410455984399341515984842300015E-16;
A(   1,    7) = 4.274387117787504148494971485424E-13;
A(   2,    7) = 5.669970971631371861174436592637E-13;
A(   4,    7) = 4.321011424426133721533998806145E-09;
A(   6,    7) = 4.321150982811518179391100643932E-09;
A(   7,    7) = -4.321753944145338780316668359817E-09;
A(   8,    7) = 1.755226220421016840304411064755E-13;
A(   1,    8) = 2.070037506129010201155151039667E-13;
A(   2,    8) = 8.616923228428927278508467844463E-18;
A(   3,    8) = 1.347355517467085848928092768762E-15;
A(   6,    8) = 7.346138571915071819016988719184E-16;
A(   7,    8) = 4.323556515798090013180469838713E-15;
A(   8,    8) = -2.120619209858906063651522127358E-13;
A(   1,    9) = 1.624590976232672429624907990765E-11;
A(   2,    9) = 3.505761577122931488890231291087E-18;
A(   3,    9) = 8.127412815383837800951075254327E-18;
A(   4,    9) = 4.970042853132641671306407303245E-16;
A(   6,    9) = 4.058283374787558652414328227294E-12;
A(   8,    9) = 4.970042853132641671306407303245E-16;
A(   9,    9) = -1.624640676661203941463376827037E-11;
A(   1,   10) = 1.125472248741949908175388466959E-12;
