% Number of different bins in sensitivity calculation:

SENS_N_MAT = 1;
SENS_N_ZAI = 2;
SENS_N_PERT = 7;
SENS_N_ENE = 175;

% Materials included in sensitivity calculation:

SENS_MAT_LIST = [
'total               '
];

% Indices for different materials:

iSENS_MAT_TOT              = 1;

% Nuclides included in sensitivity calculation:

SENS_ZAI_LIST = [
0        % total
922380  
];

% Indices for different ZAIs:

iSENS_ZAI_TOT      = 1;
iSENS_ZAI_922380   = 2;

% Reactions included in sensitivity calculation:

SENS_PERT_LIST = [
'total xs            '
'ela scatt xs        '
'sab scatt xs        '
'inl scatt xs        '
'capture xs          '
'fission xs          '
'nxn xs              '
];

% Indices for different perturbations:

iSENS_PERT_TOT_XS       = 1;
iSENS_PERT_ELA_XS       = 2;
iSENS_PERT_SAB_XS       = 3;
iSENS_PERT_INL_XS       = 4;
iSENS_PERT_CAPT_XS      = 5;
iSENS_PERT_FISS_XS      = 6;
iSENS_PERT_NXN_XS       = 7;

% Sensitivity calculation energy group boundaries:

SENS_E = [  1.00001E-11  1.00001E-07  4.13994E-07  5.31579E-07  6.82560E-07  8.76425E-07  1.12300E-06  1.44000E-06  1.85539E-06  2.38237E-06  3.05902E-06  3.92786E-06  5.04348E-06  6.47595E-06  8.31529E-06  1.06770E-05  1.37096E-05  1.76035E-05  2.26033E-05  2.90232E-05  3.72665E-05  4.78512E-05  6.14421E-05  7.88932E-05  1.01301E-04  1.30073E-04  1.67017E-04  2.14454E-04  2.75364E-04  3.53575E-04  4.53999E-04  5.82947E-04  7.48518E-04  9.61117E-04  1.23410E-03  1.58461E-03  2.03468E-03  2.24867E-03  2.48517E-03  2.61259E-03  2.74654E-03  3.03539E-03  3.35463E-03  3.70744E-03  4.30742E-03  5.53084E-03  7.10174E-03  9.11882E-03  1.05946E-02  1.17088E-02  1.50344E-02  1.93045E-02  2.18749E-02  2.35786E-02  2.41755E-02  2.47875E-02  2.60584E-02  2.70001E-02  2.85011E-02  3.18278E-02  3.43067E-02  4.08677E-02  4.63092E-02  5.24752E-02  5.65622E-02  6.73795E-02  7.20245E-02  7.94987E-02  8.25034E-02  8.65170E-02  9.80365E-02  1.11090E-01  1.16786E-01  1.22773E-01  1.29068E-01  1.35686E-01  1.42642E-01  1.49956E-01  1.57644E-01  1.65727E-01  1.74224E-01  1.83156E-01  1.92547E-01  2.02419E-01  2.12797E-01  2.23708E-01  2.35177E-01  2.47235E-01  2.73237E-01  2.87246E-01  2.94518E-01  2.97211E-01  2.98491E-01  3.01974E-01  3.33733E-01  3.68832E-01  3.87742E-01  4.07622E-01  4.50492E-01  4.97871E-01  5.23397E-01  5.50232E-01  5.78443E-01  6.08101E-01  6.39279E-01  6.72055E-01  7.06512E-01  7.42736E-01  7.80817E-01  8.20850E-01  8.62936E-01  9.07180E-01  9.61672E-01  1.00259E+00  1.10803E+00  1.16484E+00  1.22456E+00  1.28735E+00  1.35335E+00  1.42274E+00  1.49569E+00  1.57237E+00  1.65299E+00  1.73774E+00  1.82684E+00  1.92050E+00  2.01897E+00  2.12248E+00  2.23130E+00  2.30693E+00  2.34570E+00  2.36533E+00  2.38513E+00  2.46597E+00  2.59240E+00  2.72532E+00  2.86505E+00  3.01194E+00  3.16637E+00  3.32871E+00  3.67879E+00  4.06570E+00  4.49329E+00  4.72367E+00  4.96585E+00  5.22046E+00  5.48812E+00  5.76950E+00  6.06531E+00  6.37628E+00  6.59241E+00  6.70320E+00  7.04688E+00  7.40818E+00  7.78801E+00  8.18731E+00  8.60708E+00  9.04837E+00  9.51229E+00  1.00000E+01  1.05127E+01  1.10517E+01  1.16183E+01  1.22140E+01  1.25232E+01  1.28403E+01  1.34986E+01  1.38403E+01  1.41907E+01  1.45499E+01  1.49182E+01  1.56831E+01  1.64872E+01  1.69046E+01  1.73325E+01  1.96403E+01 ];

% Sensitivity calculation energy group lethargy widths:

SENS_LETHARGY_WIDTHS = [  9.21034E+00  1.42067E+00  2.50000E-01  2.49999E-01  2.50001E-01  2.47908E-01  2.48639E-01  2.53452E-01  2.50001E-01  2.49999E-01  2.50000E-01  2.50002E-01  2.49999E-01  2.50001E-01  2.49996E-01  2.50004E-01  2.50001E-01  2.49998E-01  2.50000E-01  2.49999E-01  2.50001E-01  2.49999E-01  2.50000E-01  2.50001E-01  2.50000E-01  2.50000E-01  2.50000E-01  2.49999E-01  2.50002E-01  2.49999E-01  2.50001E-01  2.49999E-01  2.50001E-01  2.50001E-01  2.49996E-01  2.50000E-01  1.00000E-01  1.00002E-01  5.00010E-02  4.99999E-02  9.99980E-02  1.00002E-01  1.00000E-01  1.49998E-01  2.50001E-01  2.50000E-01  2.50001E-01  1.50004E-01  9.99963E-02  2.50000E-01  2.49997E-01  1.25002E-01  7.49997E-02  2.50002E-02  2.49998E-02  5.00007E-02  3.55004E-02  5.41021E-02  1.10397E-01  7.50005E-02  1.74999E-01  1.25001E-01  1.25000E-01  7.50002E-02  1.75000E-01  6.66655E-02  9.87343E-02  3.70988E-02  4.75014E-02  1.24999E-01  1.25001E-01  5.00025E-02  4.99939E-02  5.00023E-02  5.00040E-02  4.99946E-02  5.00039E-02  4.99974E-02  5.00025E-02  5.00000E-02  4.99964E-02  5.00020E-02  4.99995E-02  4.99989E-02  5.00030E-02  4.99968E-02  5.00009E-02  1.00000E-01  4.99994E-02  2.50011E-02  9.10220E-03  4.29746E-03  1.16011E-02  1.00000E-01  1.00000E-01  4.99989E-02  5.00001E-02  1.00000E-01  1.00001E-01  4.99993E-02  4.99997E-02  5.00000E-02  5.00010E-02  5.00000E-02  4.99992E-02  5.00000E-02  5.00005E-02  5.00001E-02  4.99996E-02  5.00001E-02  5.00004E-02  5.83325E-02  4.16685E-02  9.99970E-02  5.00001E-02  4.99979E-02  5.00042E-02  4.99972E-02  5.00016E-02  5.00030E-02  4.99964E-02  5.00017E-02  4.99996E-02  5.00023E-02  4.99979E-02  5.00019E-02  4.99977E-02  4.99992E-02  3.33333E-02  1.66662E-02  8.33368E-03  8.33608E-03  3.33316E-02  4.99988E-02  5.00018E-02  4.99999E-02  4.99986E-02  5.00014E-02  4.99990E-02  9.99991E-02  1.00002E-01  9.99992E-02  5.00009E-02  4.99984E-02  5.00010E-02  5.00002E-02  4.99997E-02  5.00002E-02  4.99992E-02  3.33341E-02  1.66660E-02  4.99999E-02  4.99998E-02  5.00006E-02  5.00000E-02  4.99997E-02  4.99995E-02  5.00000E-02  5.00004E-02  4.99990E-02  5.00002E-02  4.99972E-02  5.00014E-02  2.50001E-02  2.50057E-02  4.99973E-02  2.49986E-02  2.50022E-02  2.49973E-02  2.49978E-02  5.00018E-02  5.00006E-02  2.50015E-02  2.49976E-02  1.25000E-01 ];

% Sensitivities with 15 latent generations:

% Effective multiplication factor:

